-9.018964209266856422e-03
7.476924459545958822e-03
7.476924459545958822e-03
7.476924459545958822e-03
-1.096892713253698123e-02
2.659472594144863047e-03
7.006377453930187973e-03
-3.295279896317781197e-03
7.403613927903553334e-03
7.006377453930187973e-03
7.006377453930187973e-03
1.890418092794745241e-03
5.184024531090718896e-03
-6.895541969675144690e-03
6.991685758466981149e-03
5.184024531090718896e-03
5.184024531090718896e-03
1.477863182698919194e-03
7.319376466460522819e-03
-1.112771701160245562e-02
5.430579425584623580e-03
7.319376466460522819e-03
7.319376466460522819e-03
1.400739823701645324e-03
7.185389511561672722e-03
9.356539436214188557e-03
6.108489992326008623e-03
7.185389511561672722e-03
7.185389511561672722e-03
3.126473240076294187e-03
6.564313170512813510e-03
-1.084223745693070352e-04
8.088961734800221084e-03
6.564313170512813510e-03
6.564313170512813510e-03
2.003006625203130903e-03
4.760330944019587444e-03
-6.195819964054039702e-03
7.703593840445980070e-03
4.760330944019587444e-03
4.760330944019587444e-03
1.399235901978087030e-03
7.358535158394717730e-03
-1.436529878972310666e-02
-1.184087017176147817e-02
7.358535158394717730e-03
7.358535158394717730e-03
1.319273285770854176e-03
7.088539032492135322e-03
9.405031358325145058e-03
6.035551248459117973e-03
7.088539032492135322e-03
7.088539032492135322e-03
2.607682497860024963e-03
6.944440069574291281e-03
-5.287808484238125904e-03
6.896611629592535632e-03
6.944440069574291281e-03
6.944440069574291281e-03
2.534141014848852354e-03
6.771319555583214453e-03
8.561149182858385220e-03
6.003376371895437560e-03
6.771319555583214453e-03
6.771319555583214453e-03
1.840611985468320038e-03
5.058403809126826682e-03
-8.783859807831688460e-03
6.627670868173135381e-03
5.058403809126826682e-03
5.058403809126826682e-03
1.779677304887218028e-03
5.039726786790545490e-03
7.721530105436056474e-03
5.678424215458749424e-03
5.039726786790545490e-03
5.039726786790545490e-03
5.830065432170803211e-03
-2.491826809608693825e-03
8.887571856768179332e-03
7.377682023045383300e-04
4.678493214947679270e-05
-1.030754797355912245e-03
2.496027553690365313e-03
2.792744516681897569e-04
-1.033987195386670138e-02
6.603389356703265973e-04
7.431401430732191039e-03
-1.397979977707655003e-03
-3.627382110372180104e-04
3.175455981163431956e-03
-2.136791957982029939e-03
-3.627382110372180104e-04
-3.627382110372180104e-04
-1.820372299554467825e-03
-2.585118138090442691e-03
5.946456138946022360e-03
-5.232963963243607471e-03
9.035295191599625533e-03
-7.690177525341539665e-03
-1.940844465627096071e-03
-2.635005763915477042e-03
6.066898304624945316e-03
-4.898335813533576631e-03
9.818760554074070640e-03
5.011285694707563916e-03
-2.129332137830497722e-03
2.188615368366867049e-03
2.975695633067058400e-03
-5.550147942553514254e-04
1.737575847251028333e-03
9.250944590332760634e-03
-1.057455179817674753e-03
1.259612411729529391e-03
-2.378748857525988126e-03
5.753716951797054231e-03
1.259612411729529391e-03
1.259612411729529391e-03
-1.590587083510606060e-03
-2.460655470075343628e-03
6.060614748613396725e-03
-5.079789304520826443e-03
9.538483396538417064e-03
-7.259342071150252582e-03
-1.908439619508250961e-03
-2.606985555315338449e-03
6.352561944195922461e-03
-4.082923026416346995e-03
1.014239936490482150e-02
-7.299325947030730483e-03
-9.068252150886206260e-04
2.497070039743733150e-03
-2.350550953139769446e-04
-4.360145374380680269e-03
7.654684582904016646e-04
7.414813548422702350e-03
-1.024654910790071243e-03
2.583301835103039758e-03
-8.074673750969691907e-04
-5.090872958113144137e-03
8.140907313778573181e-04
7.517354777499497473e-03
-1.294115103970309988e-03
-2.110584365231541555e-04
3.610498808783514733e-03
-2.391094693568110788e-03
-2.110584365231541555e-04
-2.110584365231541555e-04
-1.396607981956847662e-03
-3.156008998741233239e-04
3.641019839758759171e-03
-2.162461061952836161e-03
-3.156008998741233239e-04
-3.156008998741233239e-04
9.060661117173464743e-03
1.871123480026641627e-03
8.343831699574184510e-03
7.674802124276609502e-03
2.626987730481480758e-03
9.376511286768212175e-03
6.628736571810518730e-03
5.014239787569220973e-03
7.123592027188962658e-03
6.092940279236552098e-03
9.530118342121833216e-03
6.453849285536591984e-03
6.150283758466262331e-03
8.486748187542740574e-03
7.083281594103299841e-03
4.362898545150311648e-03
7.741602152104240867e-03
4.740438143021100635e-03
4.381197422401532024e-03
5.782195396833045981e-03
3.821527932436826879e-03
4.690632120040983365e-03
9.450191916419112617e-03
6.594565068082825984e-03
2.345042530080686249e-03
5.241961862082008053e-03
1.485940967111608292e-04
5.804155563309765231e-03
-3.952727773239641217e-03
-2.569543882188296026e-03
-1.423150631409006385e-04
5.397674957486579481e-03
6.641978414160664736e-03
4.561271291472828934e-03
7.841019682677580552e-03
9.421914489144001328e-03
1.099615738614354325e-03
3.960255742949604814e-03
5.732654969402580132e-03
4.056949953204286134e-03
4.734117092515722006e-03
9.510685801533443409e-03
1.219457515674196883e-03
4.037451313538766191e-03
5.659118389707062068e-03
4.077036081799307807e-03
4.674938177312985485e-03
9.555810621303255023e-03
2.914703052673558916e-03
5.441309060806366095e-03
1.300990021833775588e-03
5.979056796162489189e-03
1.518956707427112458e-03
8.434169401317723885e-03
-8.323409022108484460e-04
4.076163014369246947e-03
7.581606553692553895e-03
2.819388591096776923e-03
7.446331792130998425e-03
9.451862616806120179e-03
1.157824652668592354e-03
4.192620505602241698e-03
5.956113246387251606e-03
4.243949589342934162e-03
4.887179110542390521e-03
9.645608487132096773e-03
1.328680855012266985e-03
4.243512960533121423e-03
5.692955704690887651e-03
4.282480133773134898e-03
4.730296422010644465e-03
9.731450108524124579e-03
2.389486618780154413e-03
5.298091990347359240e-03
2.399822285451653874e-03
-1.055349675584879294e-04
-3.816917821425671372e-03
-3.208754500796179559e-03
2.501736501564237256e-03
5.425104009664297178e-03
1.090579006494244536e-03
5.503331908051159634e-03
-3.553903347463624462e-03
-3.772974723899420995e-03
-4.669673848757254094e-05
5.456365351454171668e-03
6.609770776434811465e-03
4.195048868317304176e-03
7.796371202155024348e-03
9.453932605136387141e-03
5.447215454758028234e-05
5.551239474760326885e-03
6.754171201479575865e-03
4.131800303063804664e-03
7.913361937625922049e-03
9.541059427324184022e-03
7.959496411922900236e-03
6.880388385815104126e-03
7.812123495073862792e-03
9.115662911778094069e-03
7.974229520619125280e-03
8.211400270636414964e-03
8.575444687658482015e-03
6.534653023676233359e-03
5.787665847884939339e-03
9.123026782768285312e-03
7.905792532335443115e-03
8.668404319631667701e-03
6.828108879525464879e-03
5.507196609385534881e-03
8.114751248311688828e-03
9.190253000247665394e-03
7.032882536021425879e-03
8.438961919834210568e-03
5.458284180366842001e-03
8.207705306960048561e-03
8.553354024571746539e-03
1.785559401776036633e-03
2.695510452932428896e-03
4.456502747943625643e-03
8.739123657120789757e-03
2.185881378975871713e-03
-7.871273484645401747e-03
-9.500702892740341479e-03
-1.802819198479008525e-02
-6.296996873654554967e-03
-9.500702892740341479e-03
-9.500702892740341479e-03
-6.122615202310703652e-04
-9.160655535138989732e-04
-1.003066286634636322e-03
1.284023646528832663e-03
-9.160655535138989732e-04
-9.160655535138989732e-04
-1.267145504593989759e-03
2.479424256459535937e-03
1.726961353672995135e-03
2.544480216190387646e-03
4.305229812219119913e-03
8.755907323580116100e-03
-1.222724229514310238e-03
2.516848914516557015e-03
1.910959661055361327e-03
2.265664423287518017e-03
4.403066205561735787e-03
8.752149869088144199e-03
-9.745899157083431907e-03
-1.117981768167999879e-02
-1.157388166311431807e-02
-4.233884330834637721e-03
-1.117981768167999879e-02
-1.117981768167999879e-02
-3.361866287040571680e-04
-4.127788784130712908e-03
-6.041963646917691312e-03
3.860723202984926109e-03
-4.127788784130712908e-03
-4.127788784130712908e-03
-1.467577445348059719e-03
2.140555592745794003e-03
1.435903947070432804e-03
2.222122921614762357e-03
4.100128910633423461e-03
6.278504777597416001e-03
-1.304359648433059144e-03
2.220854660329424791e-03
2.200810376993309926e-03
1.927095880236173644e-03
4.310656135235927007e-03
8.648139560955028088e-03
-8.199852099562926142e-03
-9.631913151787277819e-03
-1.706970549179695831e-02
-7.289682942017262392e-03
-9.631913151787277819e-03
-9.631913151787277819e-03
-8.066571287080196231e-03
-7.538393121500941256e-03
-4.212270284278558105e-04
-2.766826169704896411e-03
4.539411304277851320e-03
-2.015739817848891374e-03
-7.562132245996920805e-04
-9.125843496445919549e-04
-9.853557797095818804e-04
4.308160713524015703e-04
-9.125843496445919549e-04
-9.125843496445919549e-04
-6.951479647286538596e-04
-9.113337167107215435e-04
-1.131747389715011569e-03
4.277704407563806717e-04
-9.113337167107215435e-04
-9.113337167107215435e-04
-6.404194001782995832e-03
-3.043809923854931543e-03
2.295623278114288218e-03
-2.973433723290620691e-03
-3.043809923854931543e-03
-3.043809923854931543e-03
-2.230914269223757511e-03
-6.440755037532335144e-03
-6.344119853550634312e-03
-6.793046370612924856e-05
3.993523887778816298e-03
-1.010227222418044963e-03
-6.793046370612924856e-05
-6.793046370612924856e-05
9.861798568392761422e-03
9.861798568392761422e-03
9.861798568392761422e-03
9.861798568392761422e-03
9.861798568392761422e-03
9.861798568392761422e-03
-6.184398942598643908e-03
-6.050976421497739934e-03
-3.125461562223806958e-03
-3.125461562223806958e-03
-3.125461562223806958e-03
-2.577334317910942064e-03
-5.355166215079759304e-03
-2.577334317910942064e-03
-2.577334317910942064e-03
-3.457988596359810440e-03
-3.075852343635941330e-03
-7.756237497370898834e-03
8.766119262923224159e-03
7.246299418639160113e-03
1.428924434892108689e-03
6.997165500858762086e-03
5.091658036660232783e-04
-5.938639589703217578e-03
7.267766375880328755e-04
-2.253476648448595517e-03
-2.253476648448595517e-03
-2.253476648448595517e-03
-2.253476648448595517e-03
-2.253476648448595517e-03
-2.253476648448595517e-03
6.286419698381194576e-03
5.024164019363060651e-04
6.284946029222977792e-03
8.832703097239449691e-04
6.234036684010357127e-03
3.375837074070348835e-03
4.757824963469328532e-03
6.838653340357470599e-03
6.815681808075931339e-03
6.833868281309080951e-03
9.200471457261246225e-03
-2.622261690551247991e-03
1.040794554309574724e-02
1.040794554309574724e-02
1.040794554309574724e-02
1.040794554309574724e-02
1.040794554309574724e-02
1.040794554309574724e-02
-2.351887420321737473e-03
-2.330515211523150141e-03
5.736612033706192659e-03
7.714268193871983391e-03
-2.229337431191723892e-03
-1.855218438844708460e-03
9.046508186425531242e-03
6.677293321394045002e-03
7.970075242566700526e-04
6.871316554557977373e-03
6.871316554557977373e-03
6.871316554557977373e-03
6.871316554557977373e-03
6.871316554557977373e-03
6.871316554557977373e-03
7.158100280788797301e-03
7.158100280788797301e-03
7.158100280788797301e-03
7.158100280788797301e-03
7.158100280788797301e-03
7.158100280788797301e-03
3.394869792230234117e-03
-6.564858388301973713e-03
2.091527752312491960e-03
4.337185140602006946e-03
6.084127317121344747e-03
1.779890382060638453e-03
4.225840577703927903e-03
4.535351629520780956e-03
7.232674321778384888e-03
-2.997844790212895495e-03
-2.791439679357809751e-03
6.680598863723964144e-03
6.785814464550686369e-03
7.394468106906606358e-03
-1.866990729690333126e-03
1.570145098789565291e-03
4.424386565623135772e-03
5.765077495999303657e-03
-1.374333820839222266e-02
-8.611028147599779359e-03
-9.097501361568336928e-03
-1.143826179200875710e-02
-6.265370764907427469e-03
-4.619629296228442046e-03
2.363589612320346044e-03
2.363589612320346044e-03
2.363589612320346044e-03
2.363589612320346044e-03
2.363589612320346044e-03
2.363589612320346044e-03
-1.190736645701397436e-02
-5.294540417046655380e-03
-8.988606874320778650e-03
-1.660132696752611046e-03
-3.017699452422115385e-03
-2.947341910866014148e-03
-2.947341910866014148e-03
-2.947341910866014148e-03
-2.947341910866014148e-03
-2.947341910866014148e-03
-2.947341910866014148e-03
-1.457980144572926760e-03
-1.596629975363065721e-03
5.935202748944433046e-03
6.550713463647600890e-03
6.913086321967760323e-03
7.627277060771314211e-03
-8.004236670361029784e-04
-6.016585839118764566e-03
8.718228221675932994e-04
-7.571118110748864018e-03
-2.492151069577018692e-04
1.643700643924574361e-03
7.360139859974245378e-04
9.287548698266428690e-03
-6.226338540339032080e-04
-8.228018052727488311e-04
-8.275876424606948278e-03
-4.998645740613300199e-03
-7.245785660069163636e-03
4.467299764660127143e-05
3.121625318906643982e-03
5.559187129589522429e-03
5.899386099137315063e-03
4.882328537134903411e-03
-9.437169309147937528e-04
8.669435840939343843e-03
-1.762056243358802203e-03
-4.603111669295984311e-04
-3.386729947388140375e-03
-8.661162262177508897e-03
-8.661162262177508897e-03
-8.661162262177508897e-03
-5.571342014688003379e-04
1.498104167690408970e-03
8.017821547152475734e-04
8.773427542786352631e-03
-4.226934340968794548e-04
1.605354063250223227e-03
1.874289712420692871e-03
9.058167948208573073e-03
3.160531764984952940e-04
5.066455362321071673e-03
4.735966078633751727e-03
4.841744328363328971e-03
6.495925217468894938e-03
9.946223480453089336e-03
9.946223480453089336e-03
9.946223480453089336e-03
9.946223480453089336e-03
9.946223480453089336e-03
9.946223480453089336e-03
-1.486010257217751200e-02
7.274160296017991370e-04
7.274160296017991370e-04
7.274160296017991370e-04
7.274160296017991370e-04
7.274160296017991370e-04
7.274160296017991370e-04
8.666279198381731871e-03
8.666279198381731871e-03
8.666279198381731871e-03
8.666279198381731871e-03
8.666279198381731871e-03
8.666279198381731871e-03
4.862371038932124332e-04
4.862371038932124332e-04
4.862371038932124332e-04
4.862371038932124332e-04
4.862371038932124332e-04
4.862371038932124332e-04
8.352120600263671438e-03
8.352120600263671438e-03
8.352120600263671438e-03
8.352120600263671438e-03
8.352120600263671438e-03
8.352120600263671438e-03
8.790772712078644829e-03
8.790772712078644829e-03
8.790772712078644829e-03
8.790772712078644829e-03
8.790772712078644829e-03
8.790772712078644829e-03
-7.202656904534057020e-03
-7.202656904534057020e-03
-7.202656904534057020e-03
-7.202656904534057020e-03
-7.202656904534057020e-03
-7.202656904534057020e-03
-3.862891494418475586e-03
-1.286581718449383448e-04
-3.945589693182173334e-03
2.656178403543455521e-03
7.476606256803803978e-05
-3.531654683676780510e-03
6.395266136693579127e-04
2.568653258524736943e-03
1.272415914115202634e-03
5.604927197062905056e-03
-8.358287024707427968e-06
-7.733317754875380055e-03
2.133827174743866111e-03
4.683609077954835548e-04
-1.411028467308502376e-03
-1.779899061075520010e-03
-2.416215053388313504e-03
-7.487703805889290264e-03
-2.701704129481581618e-02
-4.024525046740212719e-02
-1.890375891441966466e-02
-2.175106608281675985e-02
5.681237924570853477e-03
-7.732221997787008458e-03
-2.085741869364868620e-02
-1.875672395009277474e-02
-5.203823198587766673e-03
-2.307072830307149713e-02
-2.380375511312502607e-02
-1.955998809609648878e-02
-2.567758424300515402e-02
1.015163511727796338e-03
-9.249329773245659053e-03
-8.958551277828711787e-03
4.774419706484435096e-04
-1.419752609022092299e-02
5.307740413983341558e-03
4.563113352936467096e-03
-1.415990958337726667e-02
-1.859113422964686277e-02
-1.511553138555410056e-02
-1.206991911425440468e-02
-2.682912473871658376e-02
2.414479946058809175e-03
-1.163295916940928175e-02
-1.859757017257422651e-02
1.327228286422520642e-03
-2.104499771630741201e-02
-7.207108180021229958e-03
-3.010233171001551813e-02
-1.763339027279486534e-02
-2.126162332198943284e-03
-9.315662037247884192e-03
-2.402134862326209264e-02
-1.915109054622509896e-02
-2.040083238744017091e-02
-2.111507333603552649e-03
-9.668380536933456754e-03
-2.376323169412848657e-02
-1.924480460379075081e-02
5.123887548656054329e-03
5.725260264149545364e-03
6.362815319846999544e-03
3.708100830540299927e-03
1.631142855631286448e-03
9.957308559890611088e-03
5.836922816660359593e-03
9.777797653993097055e-03
9.883467456866280865e-03
-3.060455085916638073e-03
7.573655877252282419e-03
1.152529912970192208e-02
9.816119215105096815e-03
1.147799266776346715e-02
7.652616718368608628e-03
6.630534814359382439e-03
3.691182436565663277e-03
-6.364736101385741127e-03
1.010023111659027160e-02
-1.007409297119530971e-02
1.158595581133686769e-02
6.215114573355564297e-03
9.743074466915139370e-03
9.761981415214664171e-03
5.985834933607341382e-03
1.072845945091989439e-02
1.163706596676814496e-02
-3.062122837279792828e-03
7.480753354783617123e-03
1.147700413907862260e-02
-3.202784857974030983e-03
8.219011015357161748e-03
1.175871145975256223e-02
-1.157297753719995805e-02
-1.394164280746945650e-02
-8.771619938474816552e-03
5.769600776053754841e-03
6.359997786378010498e-03
7.640230527085394019e-03
6.848987364661363562e-03
1.207176010590610762e-02
1.169130298339371779e-02
-7.004726669094304449e-03
-7.004726669094304449e-03
-7.004726669094304449e-03
-7.470115772427763506e-03
7.566706610017399741e-03
1.016369070864703468e-02
1.197337948444017822e-02
1.152518758080412625e-02
4.485378344038424420e-03
1.198513895697658413e-02
1.188101741821820552e-02
-7.779681180665451445e-03
5.228736237869985315e-03
4.155024383453607625e-03
-7.779681180665451445e-03
-7.779681180665451445e-03
-6.823655159278353179e-03
-6.690967401106314100e-04
4.354871644795936872e-03
1.200008993720498747e-02
1.167402021507934345e-02
1.197101708131546871e-02
1.180284919627323098e-02
-6.609411480396915756e-03
-6.609411480396915756e-03
-6.609411480396915756e-03
-6.763227895070291450e-03
-6.763227895070291450e-03
-6.763227895070291450e-03
-7.481951821347343143e-03
7.893706347298204418e-03
9.687350684902088990e-03
7.589698299900761967e-03
1.162715716897144008e-02
6.660477258470996927e-03
-1.601644946859965592e-03
3.342944471425733557e-04
1.001014487502039849e-02
5.632603389102708302e-03
2.976427529748231198e-03
5.249568776167035621e-03
2.700447029414603482e-03
1.717731612906664125e-03
-8.723355809818434878e-03
1.075232102530383890e-03
1.075232102530383890e-03
1.075232102530383890e-03
1.075232102530383890e-03
1.075232102530383890e-03
1.075232102530383890e-03
-6.450675935881033593e-03
-6.327665767010722843e-03
-9.010603394390854018e-03
-9.010603394390854018e-03
-9.010603394390854018e-03
-8.397841306585544785e-03
-3.413329807748515313e-03
-1.205947133459459898e-02
-1.194285836832656086e-02
-8.461546282972002078e-03
-1.205947133459459898e-02
-1.205947133459459898e-02
-9.541520478345250078e-03
-9.774246604163773153e-03
-1.618393550596569294e-02
-9.541520478345250078e-03
-9.541520478345250078e-03
-8.131654623332559492e-03
5.723734457484722267e-03
2.750464219206666806e-04
-8.131654623332559492e-03
-8.131654623332559492e-03
-7.552186836533770001e-03
-1.315213335074853426e-02
-3.789609344622787979e-03
-7.552186836533770001e-03
-7.552186836533770001e-03
-1.154681761906902436e-02
-1.192017713804278782e-02
-9.931521249737505427e-03
-1.154681761906902436e-02
-1.154681761906902436e-02
-8.354819660127455611e-03
4.961052084082727409e-03
8.548410464083310185e-04
-8.354819660127455611e-03
-8.354819660127455611e-03
-4.432067108842858809e-03
-1.282540217929257521e-02
-1.903393036189641530e-03
-1.174651474837516002e-02
-1.370798933692599954e-02
-7.489936033455401633e-03
-1.174651474837516002e-02
-1.174651474837516002e-02
-1.105668296674199719e-02
-3.190935296625128752e-03
-9.567893297260401247e-03
-1.105668296674199719e-02
-1.105668296674199719e-02
-1.334080722390761087e-02
-1.183089465176175546e-02
1.132874308504066424e-02
-1.988321735090168782e-02
-8.296089648641253103e-03
-8.728709932127660942e-03
8.125992539743956411e-03
-8.948445392002355239e-03
9.275623214294682894e-03
-6.229267169776617381e-03
5.916884368037519590e-03
8.010512680532769474e-04
6.703781882410724154e-03
-4.207637669370369211e-03
5.201160717285099183e-03
-5.239133629241991830e-03
2.102974799964078562e-03
4.147975679294019398e-03
6.368423496661878951e-03
2.151914380324893104e-03
3.042504646388026566e-03
6.520529987970576612e-03
2.038873448599461905e-03
4.340250302921418342e-03
5.130155683640010879e-03
9.002453255834412136e-04
8.836144259431553266e-04
4.332794539589812123e-03
2.672192213986456476e-03
5.513357448714147416e-03
1.426079696317233546e-04
1.426079696317233546e-04
1.426079696317233546e-04
1.426079696317233546e-04
1.426079696317233546e-04
1.426079696317233546e-04
-3.648320749796417697e-03
3.051511890667777619e-03
-1.000229040895349655e-03
7.647872510189892940e-03
8.666456376334792655e-03
8.966756589712637435e-03
-8.874857122670133051e-04
7.951001447969736902e-03
-1.337194273228477703e-03
7.799610522728897717e-03
1.156762057913287949e-02
1.081309495763230558e-02
1.156720519641231230e-02
-1.245899525397795330e-03
1.152445161370382887e-02
1.200113282327883689e-02
-1.012569172810618909e-02
5.274825552928860163e-04
-3.449303573429241508e-03
1.160486718456745815e-02
-9.672580034381029123e-04
-6.523868341895426408e-03
-9.672580034381029123e-04
-9.672580034381029123e-04
1.070454521969659706e-02
1.146054806592340138e-02
1.074903904649244894e-02
1.173371193615527393e-02
-1.006254771778883469e-03
-1.105678029560827440e-03
6.002738348066470261e-03
6.325783747866925259e-03
5.757565722685255467e-03
6.466610812421227754e-03
6.764527318923576130e-03
6.177730178376230653e-03
-4.783314249366970097e-03
7.002647485390690180e-03
-1.511189415980571625e-02
-9.933288659495685680e-03
-1.523559792169765226e-02
-1.423348282142062986e-02
-1.055025421901834189e-02
-1.978198160435782130e-02
-6.984149462427697089e-03
-5.353703636920730154e-03
-1.688569435392613463e-02
-1.386127466696711850e-02
-1.756516222402280600e-02
-1.116529018558957108e-03
-1.116529018558957108e-03
-1.116529018558957108e-03
3.903184514580011494e-03
6.580401135064813112e-03
-1.190079766213702345e-02
-7.342566327543775112e-04
3.829487939005554210e-03
-7.342566327543775112e-04
-7.342566327543775112e-04
-9.892800422577614598e-04
-9.892800422577614598e-04
-9.892800422577614598e-04
4.668298644828442357e-04
6.650814696582796337e-03
8.397728435657383569e-03
-1.004227465068475295e-02
-3.517167184555816130e-04
3.233289684731973680e-03
-3.517167184555816130e-04
-3.517167184555816130e-04
3.933085721628665904e-03
-3.840085726676182361e-03
7.899890015627027140e-03
-1.225105453026055155e-02
-1.065100134260974635e-02
4.599856595682363936e-03
-4.298533203520753417e-03
-1.089551152047371976e-02
3.796529824836101207e-03
4.480050226415810757e-03
-4.605449100764504554e-03
6.061651187077277646e-03
-1.282208135465990988e-02
3.099828478564792180e-03
-1.239959903055733170e-02
-1.263246003067116860e-02
3.896953025012846270e-03
-1.227887149864556604e-02
3.921290367133110390e-03
-1.240578067744805071e-02
-5.337151085037661856e-03
-1.673454748246476151e-02
-2.773288059217687666e-03
-2.769274235525356551e-03
1.029708621043465543e-04
-3.404971203251688609e-03
5.061915130651709749e-05
-9.076421925782834606e-04
-9.737074588477313830e-04
-1.514907207165378140e-02
-6.640196798066494085e-03
-1.032855184120816915e-02
-6.100331243550192887e-04
-4.496487593926084929e-03
-1.330160566363765718e-03
-1.469232977090183939e-02
-3.144210037890028068e-03
-1.683600737961377103e-02
-9.610698191949224728e-03
-6.079125727188395764e-03
2.074037962562335323e-03
1.978168525141948790e-03
-7.678535431053444028e-03
-2.200176219668557355e-04
-7.532176509324157304e-03
-1.623522541211388061e-03
-3.933788090420659370e-03
-6.526712390406797654e-03
-2.123737580407306785e-02
-5.065552888108603227e-03
-3.624627147537390348e-03
-3.408398697419446504e-04
6.613122507393501270e-03
-7.110835402691269465e-03
-1.161758808076680111e-02
-2.770032358515537533e-03
-1.551039640204246971e-02
-1.126593266841386005e-02
-2.087575363428812239e-02
-3.551359445644279751e-03
-1.641780575689402721e-02
-2.899767733107999970e-02
2.282832999189344809e-03
4.732835338369505498e-03
-1.334307964297277299e-02
3.848088740146684335e-03
3.848088740146684335e-03
3.848088740146684335e-03
3.848088740146684335e-03
3.848088740146684335e-03
3.848088740146684335e-03
3.274746267184327868e-03
3.274746267184327868e-03
3.274746267184327868e-03
3.274746267184327868e-03
3.274746267184327868e-03
3.274746267184327868e-03
-8.409369059621651238e-03
-8.409369059621651238e-03
-8.409369059621651238e-03
-8.409369059621651238e-03
-8.409369059621651238e-03
-8.409369059621651238e-03
-1.815606552433660223e-03
-1.815606552433660223e-03
-1.815606552433660223e-03
-1.815606552433660223e-03
-1.815606552433660223e-03
-1.815606552433660223e-03
3.191092100587585544e-03
-1.019604112088013693e-02
6.133930900344019719e-04
-1.209989315990399068e-03
-1.209989315990399068e-03
-1.209989315990399068e-03
-1.209989315990399068e-03
-1.209989315990399068e-03
-1.209989315990399068e-03
1.844867738672021805e-03
5.956301695499202284e-03
5.847622967874732854e-03
-1.746800292393798585e-03
5.578719698103477365e-04
-2.479587864680561204e-03
-4.949449253684790051e-03
3.253637181183615507e-04
7.869041949310111111e-05
6.403901610608371195e-03
2.021768481206053045e-03
4.108056985188919714e-03
-3.535264981122099998e-02
-1.126561087519455454e-02
-7.752530089427092999e-03
-3.535264981122099998e-02
-3.535264981122099998e-02
-5.266187565188234186e-03
1.407093637528643477e-03
-1.086278320638243630e-02
-2.937480017150349409e-03
3.585646176345528516e-03
7.942138220014690556e-04
-1.358275421381013350e-02
-3.474249494763104618e-03
-1.699201713660213747e-02
-1.170076745169744414e-02
-1.448263714842608352e-02
-1.889206663519584981e-02
-1.485242328674879833e-02
-1.889206663519584981e-02
-1.889206663519584981e-02
-8.293863720414447124e-03
-3.094549767015631822e-03
-4.172158543008992401e-03
-3.787915688272702492e-03
-1.654526648212614748e-02
-1.087743159671819039e-02
-3.321565911627306911e-03
2.090605056198099280e-03
-1.498960009771506440e-03
-1.594313624929200729e-02
-1.237051279972148539e-02
-1.103666327529224077e-02
-1.103666327529224077e-02
-1.103666327529224077e-02
-1.103666327529224077e-02
-1.103666327529224077e-02
-1.103666327529224077e-02
-1.123969698743730074e-02
2.444625342654464448e-03
-5.899517224440168446e-04
-8.530686956878443666e-03
-8.530686956878443666e-03
-8.530686956878443666e-03
-8.530686956878443666e-03
-8.530686956878443666e-03
-8.530686956878443666e-03
-8.228797266265752003e-03
-8.228797266265752003e-03
-8.228797266265752003e-03
-8.228797266265752003e-03
-8.228797266265752003e-03
-8.228797266265752003e-03
-1.119092975136712700e-02
2.442423662436311090e-03
-2.526895973251952476e-03
6.016491325014013646e-03
7.355247732366463134e-03
-7.180549782467339666e-03
-1.006098093588044841e-02
-1.011664809562474142e-03
-7.122208639008862849e-03
-1.034392335585348696e-02
-7.785326519076078309e-04
-8.436525962758680344e-03
-1.082701286814638682e-02
-1.289800535210884743e-03
3.896122635927615815e-03
6.804489856223042490e-03
6.477677984938290043e-03
-4.224651205669940554e-03
-4.224651205669940554e-03
-4.224651205669940554e-03
-4.224651205669940554e-03
-4.224651205669940554e-03
-4.224651205669940554e-03
-3.678522427767231835e-03
-5.130017203938512516e-03
-5.130017203938512516e-03
-5.130017203938512516e-03
-5.130017203938512516e-03
-5.130017203938512516e-03
-5.130017203938512516e-03
1.190850442331544724e-02
-1.058348257274272994e-02
-1.058348257274272994e-02
-1.058348257274272994e-02
-1.058348257274272994e-02
-1.058348257274272994e-02
-1.058348257274272994e-02
3.508719139435357345e-03
-7.455592411070998890e-03
4.647967676545882061e-03
6.517514316937924766e-04
7.864983616473463510e-04
7.864983616473463510e-04
7.864983616473463510e-04
7.864983616473463510e-04
7.864983616473463510e-04
7.864983616473463510e-04
-8.855991614240121129e-03
-1.166907420355729752e-02
-5.123539694527261962e-03
-5.123539694527261962e-03
-5.123539694527261962e-03
-5.123539694527261962e-03
-5.123539694527261962e-03
-5.123539694527261962e-03
-9.469309583186197657e-03
-1.051057442676697762e-02
-1.613958605282258402e-02
-4.224981864007132382e-03
-1.016556650170299947e-02
-1.536637937653298827e-02
-2.531757233663741932e-03
-1.187674243481597579e-02
-1.904691536125424287e-02
-2.311933841343254137e-02
-2.179502241774503024e-02
-1.886714048010976544e-02
-1.892150413331009084e-02
2.349826066530206863e-03
-1.798640837130094719e-02
-1.893956188018353776e-02
-1.838815901011557966e-02
-2.301636634873910001e-02
-2.045579229095959711e-02
-1.161260670467898284e-02
-2.287253368538370510e-02
-2.179304509971858109e-02
7.789414797856177540e-03
3.067126629009813733e-03
7.086091534408176656e-03
6.985640981812732235e-03
6.370608049546979193e-03
5.674850329953946490e-03
6.486933672704321349e-03
2.429939008153154684e-03
2.983799235645822386e-03
1.954135837950171997e-03
-4.541848715357978822e-03
-3.687925186877694106e-02
-4.518842841667805588e-02
-3.700747139386967310e-02
-4.727878660537846583e-02
-2.970958035115054199e-02
-1.484611111426484276e-02
-3.692709916098959461e-02
-4.362957160185158834e-02
-8.450792725177814005e-03
-8.450792725177814005e-03
-8.450792725177814005e-03
-8.450792725177814005e-03
-8.450792725177814005e-03
-8.450792725177814005e-03
-3.672707687266042742e-02
-4.776737923938124963e-02
-2.946775279426639207e-02
-3.688849413827326174e-02
-4.453283910764793685e-02
-1.150763257591672258e-02
-1.031313747989048846e-02
1.022154659618900938e-02
1.019990837831945274e-02
-9.764414481118058927e-04
-2.287520718692751497e-03
-1.340029878434881826e-02
2.157598758988917877e-03
2.157598758988917877e-03
2.157598758988917877e-03
2.157598758988917877e-03
2.157598758988917877e-03
2.157598758988917877e-03
-8.127036312987412706e-03
-8.127036312987412706e-03
-8.127036312987412706e-03
-8.127036312987412706e-03
-8.127036312987412706e-03
-8.127036312987412706e-03
-2.147358867956149480e-03
-2.147358867956149480e-03
-2.147358867956149480e-03
-2.147358867956149480e-03
-2.147358867956149480e-03
-2.147358867956149480e-03
4.745704661296121056e-03
3.697196141304878204e-03
5.000931431520632721e-03
-1.106051715088204879e-02
-3.840677791554456769e-03
-7.097393467184493366e-04
1.349224546230620627e-04
1.349224546230620627e-04
1.349224546230620627e-04
1.349224546230620627e-04
1.349224546230620627e-04
1.349224546230620627e-04
-2.602629359209822010e-03
-4.752483820857892130e-03
-1.134689638792488360e-02
-1.134689638792488360e-02
-1.134689638792488360e-02
-1.134689638792488360e-02
-1.134689638792488360e-02
-1.134689638792488360e-02
-2.525768275243655062e-02
-2.525768275243655062e-02
-2.525768275243655062e-02
5.894323994912744127e-03
2.277600532733376469e-04
-2.374451274849196433e-03
6.264512587290659539e-03
3.706377893498851469e-04
3.272700549908312811e-03
6.224377407881821755e-03
6.611807097005751449e-03
3.963460823553097492e-03
5.095659746607174301e-03
-1.333606289030848284e-03
-4.248378733303737748e-03
-8.847686005673894086e-03
7.159298842560627742e-03
-6.290480880479048381e-03
-2.159761195414276747e-02
-1.500843361590505770e-02
-4.242102427635061242e-03
-5.151612582825308706e-03
-4.303692281682343357e-02
6.439148449214123805e-03
6.633745620701853550e-03
-1.793397196716038297e-02
-2.097550498712937722e-02
-2.822814417210502830e-02
7.920822690361276064e-03
-1.931543704708025069e-02
-1.389833491741416724e-02
4.016894457355988171e-04
-1.891342392512210258e-02
-2.366125286154464880e-03
1.104163522996239651e-03
4.717972613856653841e-03
-1.536691692308518424e-02
6.547629076346378127e-03
-1.693193428497467932e-03
-7.251334994424625232e-04
-2.659654893029377522e-05
8.102225626925758928e-03
4.748586082020831052e-03
-9.912815649668822379e-03
-1.589136111429091322e-02
7.489525626821988760e-03
-4.724946515531402991e-03
-2.812440635033259303e-03
5.624760462867377589e-03
3.747951505378634141e-03
3.634024290515932730e-04
-1.316644866183153302e-02
-4.540467860236698135e-03
7.740695127190048118e-03
-4.241363452630039083e-03
-1.021255941194089065e-02
1.329387059427723609e-03
-6.757393906327974469e-04
-4.808457649262300529e-03
2.114312700670861744e-03
-6.163309305721155701e-04
1.028693334153583504e-03
-1.475684535966712702e-02
4.897225759106831272e-04
-2.984121583599949959e-02
-6.931730744000214398e-03
-2.431464971214948242e-02
-2.984121583599949959e-02
-2.984121583599949959e-02
5.393906632903835638e-03
6.226724809101257668e-03
6.609444512168432574e-03
-1.103455123597151151e-02
-9.559174620421318630e-03
6.244952593018372050e-03
1.742493001096321508e-04
1.089936056280541975e-03
1.843131894527377974e-03
-9.295026266890786884e-03
7.641069605058664312e-04
-3.114870695536415841e-03
-4.187617695516314062e-03
8.836653882673311047e-03
-4.284950913018812507e-03
-4.105828432053579280e-03
3.005710967972483397e-03
5.684304397899330938e-03
-4.649316228185963740e-03
-5.108985491293372219e-03
-2.338956105157564622e-02
-5.408461013837160408e-03
-7.702736649445103556e-03
-7.684437854117898495e-03
-3.141891477318587561e-02
-4.276089961900752905e-03
-1.669885143442728995e-02
-4.177746115901892661e-03
6.229937053787527011e-03
-1.282844017164630479e-02
-9.045768544849192710e-03
-9.969643128292782902e-03
-1.952200715612764301e-02
-1.915262675958983099e-02
-1.913352713915012285e-02
8.146856989765598536e-03
-5.261234512520538212e-03
-5.261234512520538212e-03
-5.261234512520538212e-03
-5.261234512520538212e-03
-5.261234512520538212e-03
-5.261234512520538212e-03
-1.985911809542108969e-02
-1.985911809542108969e-02
-1.985911809542108969e-02
-1.985911809542108969e-02
-1.985911809542108969e-02
-1.985911809542108969e-02
-6.250783364761921179e-04
-1.239541651833664284e-04
5.158784935295679039e-03
-2.067014285610334259e-03
3.564908451117990932e-03
-1.764902385426868857e-03
2.508571326837264089e-03
5.703227234111706533e-03
2.165376304972919420e-03
-2.640928663368002091e-04
6.923878216771844028e-03
-9.849612987222688357e-04
-3.540244306848879322e-03
2.780288144988928099e-03
1.574933729641037246e-04
-9.816203150934273668e-04
-2.408484593296164600e-02
3.112551029231602241e-03
-9.407636950898818707e-04
-8.584206371215940407e-03
2.664640758162665699e-03
3.650801984916360668e-03
-1.421661751673361854e-02
-1.400114415731989158e-02
-1.410835216798379463e-02
-6.353310754424923608e-03
-2.417372817648133498e-02
-8.403225911741422222e-03
4.171239763057722240e-03
-5.991896483145460082e-04
-2.658304007449565059e-03
-7.108495373416977292e-03
2.376265331471385568e-04
-6.130963172144478050e-03
-1.598671955550209998e-03
-4.753490868006296152e-03
-5.362965216178516847e-03
6.635748937965653405e-03
-4.769806058349294713e-03
-1.153347047388173646e-02
-8.856366828569824795e-03
-5.149639707634253404e-03
-1.026699287140747478e-02
-2.927570932089065131e-02
-7.304373282550148498e-03
-2.389904445850660197e-03
-1.151632944477370100e-02
-1.051375789919031800e-02
-3.949349900394655971e-03
-3.354843215240346527e-03
3.598177019720511936e-04
-2.142634860733336200e-03
4.913383597240680856e-03
-1.495559113905263644e-02
-1.495559113905263644e-02
-1.495559113905263644e-02
-1.495559113905263644e-02
-1.495559113905263644e-02
-1.495559113905263644e-02
-2.269761157033233986e-02
9.275422643651203697e-03
-3.181317037030777922e-02
-4.929140568707330618e-03
-1.611238235922482845e-02
-1.658629946604399039e-02
-3.265434429990433235e-02
6.954605305095242895e-04
-1.721586093079577676e-02
-3.937055427843654670e-03
-3.552225453505348379e-02
-3.552225453505348379e-02
-3.552225453505348379e-02
-3.552225453505348379e-02
-3.552225453505348379e-02
-3.552225453505348379e-02
-1.474168556789705580e-03
-8.275020502176228671e-03
-6.719065704893486222e-03
-9.812930298464767748e-03
-1.918433201731706977e-02
-1.614587247631530417e-04
-8.924542955173464780e-04
-2.225801575101950453e-04
3.481470295945542776e-03
-7.255090178953731671e-04
5.992957903963692240e-03
7.600704884091257461e-03
9.656987690062839675e-04
7.012079897084252424e-03
1.627879335151936847e-03
1.484540445930576874e-03
-1.843994906095242732e-03
5.685509780814408838e-03
4.706976344547608195e-03
2.136735008773857358e-03
-2.701891756888156332e-02
5.780210899859761393e-03
-1.279189194655477001e-02
-8.418913636204668899e-03
-8.552769924852380440e-03
-1.483679005724357347e-02
-2.094444945260863500e-02
-1.599347196039239277e-02
-1.120616471758874473e-02
-1.209080797410604091e-02
-1.300031008217438638e-02
-1.389886316205464663e-02
-1.127683799656370792e-02
1.102929830147545386e-02
-1.955534255993693002e-02
8.786360369309806698e-03
8.464231658583827242e-03
-5.584993679616919934e-04
-1.787290348579188143e-02
1.283888970295151907e-03
-1.857445832451406304e-03
-1.857445832451406304e-03
-1.857445832451406304e-03
-1.857445832451406304e-03
-1.857445832451406304e-03
-1.857445832451406304e-03
2.990842432263681079e-03
-1.022598494219924443e-02
-1.022598494219924443e-02
-1.022598494219924443e-02
-1.022598494219924443e-02
-1.022598494219924443e-02
-1.022598494219924443e-02
-1.981473365715795409e-02
-1.470033333784783163e-03
-1.658249035162239621e-02
-4.214398398077102807e-03
-3.646692616807079360e-03
-2.726817329991777696e-03
-3.112841750624188719e-02
-2.666386200469732931e-02
-3.656156070137413922e-02
6.002910369670352029e-04
-3.018350220985062393e-02
6.668512596300871231e-03
-1.851973226378306539e-02
-1.544368171993427789e-02
7.843398468980062807e-03
-5.503473681483102634e-03
1.225824754243304672e-03
6.168416287975555211e-03
5.817763360292164260e-03
-4.392844982306522497e-03
-7.147346862072694214e-03
-8.767724743355954226e-03
-1.193497162470622160e-02
2.209294559369009547e-03
6.809344202530895861e-03
7.822841538510049569e-03
8.818778850633361699e-03
-5.941488172177242927e-03
-6.995528226311377613e-03
-2.011352804402578506e-02
-1.185213952428281923e-03
-1.500057916556228870e-03
1.333946931414121528e-03
-2.760565046265102841e-03
2.139316653992716800e-03
-1.502380824064695163e-03
-3.377658443223201939e-02
-3.686248830070126825e-02
-3.266065148078460545e-02
-2.641160799283700025e-02
-3.153884563148519338e-02
-1.871908545680784838e-02
-2.969036394738948023e-02
-2.014858321643706388e-02
-3.711572280029803994e-02
-3.681268987035622720e-02
-3.213720815536936365e-02
-2.542724041580486996e-02
8.889911892751332185e-04
4.838158067458762056e-03
-6.238624698882730239e-03
-7.978837070941480897e-03
-2.019976682053240338e-02
6.098772364443445608e-03
-8.122624688989476746e-03
-1.731833026224782746e-02
-1.224281919787264909e-02
-4.108695543474490987e-03
-2.720871851300311201e-02
-2.720871851300311201e-02
-2.720871851300311201e-02
-2.720871851300311201e-02
-2.720871851300311201e-02
-2.720871851300311201e-02
6.905105963122454976e-03
4.827621328479216739e-03
-1.735959748952965384e-02
-9.872060606595765148e-03
-1.074918260313073928e-02
-6.834970949088723519e-04
-8.885678857458484577e-04
-1.895797178129534841e-02
-2.976311999485166653e-03
-9.931944255593858420e-03
-8.611699239566568409e-03
-8.575831574172205346e-03
-6.993045425743803743e-03
-6.896079491036666460e-03
-1.550647794809885058e-02
-1.280863823966318579e-02
7.128961531569014132e-04
4.957835089083371602e-03
7.178162698042907415e-03
5.282180707704435887e-03
8.948198596953896994e-03
9.056805045553156103e-03
-3.451064598017782731e-02
-1.106138327118379693e-02
-3.343681579120025282e-02
-2.757908735329702224e-02
-5.535698764899465519e-04
-7.371678006325909846e-04
3.769197927252081280e-03
-2.577327313822503274e-04
3.673145530950656327e-03
-7.047167753426439090e-04
-5.734548593628724204e-03
-9.099352551402335038e-03
-1.942694637247577641e-02
-4.678464651032060960e-03
-5.256504194137616090e-03
-4.977345239782435433e-03
-1.383590159075480906e-02
-1.175655116578197198e-02
-1.980991348494601755e-03
6.089229327103922763e-03
6.031779440654606687e-03
-2.193254106727692693e-02
-3.965211710395494769e-03
-3.527810505483624289e-03
-8.186167104868318292e-03
-3.110400418754341676e-03
1.121471520660905809e-02
-7.691121362867213256e-03
-5.556253547914040240e-03
-7.017644158543435290e-03
-2.140049254635250850e-02
6.481233875908189168e-03
-1.300534614331984307e-02
-2.739535877287528273e-02
-1.220985182761870477e-03
-1.950578011046104343e-02
-7.156119367348904615e-03
-7.820584935479567290e-03
-2.880524116308596366e-02
-1.394412825057345443e-02
-1.017496892259592452e-02
-5.545631113528129257e-03
-1.001984615623314340e-02
-2.250435562077428980e-02
1.171464875918833137e-02
1.103430487866530543e-02
-1.205734746522449841e-04
-1.143422806998256472e-03
6.427464570930329843e-03
-9.430209495629195832e-03
-1.705955642275216403e-03
5.449235395474942914e-03
-1.597294609067808745e-03
-7.347562951944265792e-03
-2.192744961460781766e-02
-3.248207943794364626e-03
-1.401747578954408956e-02
-1.487805905607030195e-02
-1.471756398033747561e-02
-1.053690588880323159e-02
-4.493863228953673579e-03
-2.237510334517723437e-02
7.543434458018004503e-03
-2.167719417992090489e-02
-1.861358776371889109e-02
-2.539830622198645943e-02
-1.926777436094075091e-02
-2.268494376159415141e-02
-1.952068432637360518e-02
-2.370733556719371513e-02
-1.840939165762532290e-02
-2.101981571414638511e-02
-1.328974289778436964e-02
-1.762568884897157753e-02
-2.475245533273679951e-02
-2.102017794907514933e-02
-2.086061029843412629e-02
-1.498043675158837983e-02
-8.552422081028313895e-04
-2.525885536593502553e-03
3.764748719741720269e-03
-3.859165176764207256e-02
-3.859165176764207256e-02
-3.859165176764207256e-02
-3.859165176764207256e-02
-3.859165176764207256e-02
-3.859165176764207256e-02
1.662572557203637579e-03
-3.455605237611375502e-03
-5.375503953484701359e-04
1.027800493402004217e-02
-4.128798016732943693e-02
-4.325225447177248606e-02
-1.784146660591707026e-02
-1.773949230629651846e-02
-1.055839888528302926e-02
2.943459056761905772e-03
-1.786665739126857763e-02
9.264880809925572433e-03
1.018756912026495647e-02
-2.621470960281454057e-03
9.219098453297592394e-03
-3.424490639785370688e-02
-3.259823663199610394e-02
-2.378231395816703814e-02
-5.192083044529316764e-04
-3.150626069095328885e-02
2.889436258222005845e-03
3.122875132318621988e-03
1.042052420649796328e-02
-7.682638189595250187e-04
1.523042349255672835e-03
1.525825898631350723e-03
-4.560407320357664704e-03
-4.776924046753137053e-03
-1.328228330266987937e-02
-3.282471928269790201e-02
-2.600687096382658242e-02
-4.747489103722594452e-04
-4.887674191578399684e-03
-1.658527972430672796e-03
-2.195236334820858601e-02
-2.049504834024678743e-02
-2.151063116135471659e-02
-1.794430428685274762e-02
-8.741689767833030200e-03
-7.216794321609810298e-03
2.090460184657576270e-03
1.014710040719652047e-02
-1.793792693849021250e-02
-1.765991690384174223e-02
-2.236115292400312274e-02
-2.159538564602150185e-02
-2.190407154249859184e-02
-1.880929848220157241e-02
-2.301895637923226032e-02
-2.020756899777301913e-02
-2.080194223498795653e-02
-1.630593973150035528e-02
-9.345733176790318661e-03
-4.756782477457514695e-03
-2.957398088271563988e-02
-2.085595235185529195e-02
-2.451857742389130373e-02
-2.139542611914957079e-02
1.451607295056400694e-03
-1.305876865009372376e-02
-2.615531883463617299e-03
-1.741446989150892410e-02
-1.940357102967398342e-02
-1.962572680820527313e-02
-1.995916770160168288e-02
-9.926696240392270804e-03
-2.387130342547338913e-02
-5.385992427168037090e-03
-3.042549490595592224e-03
-1.224317236653188479e-02
3.528822913474611526e-03
-1.218907450040511951e-02
-9.585320671037667745e-03
-1.443801812196362014e-02
-1.905245763859646571e-02
1.019964494005957088e-02
-1.932314715528166485e-02
-4.529441405598758942e-03
-2.315655415720142829e-02
-2.722159100752730154e-02
-3.997244461820718964e-02
-3.151538942988657555e-02
1.025851246033488220e-02
-2.248908905556972967e-02
1.785693042985244522e-04
1.030084657486679892e-02
-2.927830344246161454e-02
-2.753976215961587842e-02
-2.400135489769701647e-02
-4.004567249969746834e-03
-1.272941426830949581e-02
-4.250136758465241499e-02
-1.051740075365362181e-02
-9.693967121309121984e-03
-2.126342156915537324e-02
1.025396787859446900e-02
-1.946486354388660828e-02
-6.983923123623048818e-03
-4.421167753982226632e-03
-1.355215440511414390e-02
-3.071138915593426329e-03
-1.894371156889501986e-02
-2.120283115381093458e-02
-2.077172385779275585e-02
-2.297888360244183803e-02
-2.615121035384027938e-03
-3.300826276750148253e-02
-5.991153446517008541e-02
-5.879647788171653983e-02
-7.328508336743483863e-03
-1.936734445016944847e-02
-2.220006496520321795e-02
-4.993432298572290061e-03
-2.152761286447300859e-02
-2.143850641467270196e-02
-1.338794711331908402e-02
1.020326198367930808e-02
-1.835637105050534276e-02
1.030994285688370538e-02
-9.352579651416231474e-03
-5.756312612732406020e-02
-9.256975769634898099e-03
-2.253661103463095849e-03
-2.227857037350180688e-02
-3.812609993218919226e-03
-1.966061747251743319e-02
-1.507620891749730796e-02
-1.858852197272891499e-02
-1.727070839112319206e-02
-2.569582707864846716e-02
-1.630346023455129731e-02
-1.835250698035785846e-02
-3.528438093260426178e-02
-3.392231941634175907e-02
-3.599805135446738913e-02
-9.286023611775561654e-03
-9.297974804361883172e-03
-5.863548426987100909e-02
-8.789304449494033528e-03
-5.825429442199422242e-02
-1.012941567046489466e-02
-1.806985341462448436e-02
-2.900386700693226294e-02
-2.119148478571115241e-02
-1.715840559292538745e-02
-1.888393463576540018e-02
-1.522716937141536768e-02
-1.675053248445599469e-02
-1.128086271661933593e-02
-4.050302366976989143e-03
-1.290256831250966886e-02
-2.159680286195390930e-02
-1.591734084812385791e-02
-2.338340613455639969e-02
-2.585856165837282367e-02
-5.051113025937151169e-02
-4.184423869541134544e-02
-1.771640997448753474e-02
-4.840096700980568711e-02
-1.730729182591342688e-02
-5.555526513200528815e-02
-2.727665929925518831e-02
-6.210566592171722078e-02
-1.476831604616114270e-02
-3.002075195422226547e-02
-4.934137473546577890e-02
-2.593471790085236442e-02
-5.128121093138299398e-03
-4.989849321630828588e-02
